camera1
1 0 0 -0
0 1 0 -0
0 0 1 -0

camera2
0.347888 -0.0044974 0.937525 0.49482
-0.000936974 0.999986 0.00514471 0.00144828
-0.937536 -0.00266822 0.347879 -0.329913

camera3
-0.35517 -0.00336349 -0.934796 0.0400412
0.0183581 0.999776 -0.0105724 -0.0117958
0.934622 -0.0209161 -0.355028 -0.203245

camera4
0.82853 0.315121 0.462858 0.324015
-0.0167726 0.840209 -0.542003 -0.03698
-0.559694 0.441302 0.701423 -0.179204

